3
1
20
1
1
3
2
1
1
1
3
3
28
1
1
3
4
28
1
1
1
0
1
2
1
0
1
3
1
0
1
4
1
0
1
5
1
0
1
6
1
0
1
7
1
0
1
8
1
0
1
9
1
0
1
10
1
0
1
11
1
0
1
12
1
0
1
13
1
0
1
14
1
0
1
15
1
0
1
16
1
0
1
17
1
0
1
18
1
0
1
19
1
0
1
20
1
0
1
21
1
0
1
22
1
0
1
23
1
0
1
24
1
0
1
25
1
0
1
26
1
0
1
27
1
0
1
28
1
0
1
2
3
5
28
1
1
1
0
1
2
1
0
1
3
1
0
1
4
1
0
1
5
1
0
1
6
1
0
1
7
1
0
1
8
1
0
1
9
1
0
1
10
1
0
1
11
1
0
1
12
1
0
1
13
1
0
1
14
1
0
1
15
1
0
1
16
1
0
1
17
1
0
1
18
1
0
1
19
1
0
1
20
1
0
1
21
1
0
1
22
1
0
1
23
1
0
1
24
1
0
1
25
1
0
1
26
1
0
1
27
1
0
1
28
1
0
1
3
3
6
28
1
1
1
0
1
2
1
0
1
3
1
0
1
4
1
0
1
5
1
0
1
6
1
0
1
7
1
0
1
8
1
0
1
9
1
0
1
10
1
0
1
11
1
0
1
12
1
0
1
13
1
0
1
14
1
0
1
15
1
0
1
16
1
0
1
17
1
0
1
18
1
0
1
19
1
0
1
20
1
0
1
21
1
0
1
22
1
0
1
23
1
0
1
24
1
0
1
25
1
0
1
26
1
0
1
27
1
0
1
28
1
0
1
4
3
7
28
1
1
1
0
1
2
1
0
1
3
1
0
1
4
1
0
1
5
1
0
1
6
1
0
1
7
1
0
1
8
1
0
1
9
1
0
1
10
1
0
1
11
1
0
1
12
1
0
1
13
1
0
1
14
1
0
1
15
1
0
1
16
1
0
1
17
1
0
1
18
1
0
1
19
1
0
1
20
1
0
1
21
1
0
1
22
1
0
1
23
1
0
1
24
1
0
1
25
1
0
1
26
1
0
1
27
1
0
1
28
1
0
1
5
3
8
28
1
1
1
0
1
2
1
0
1
3
1
0
1
4
1
0
1
5
1
0
1
6
1
0
1
7
1
0
1
8
1
0
1
9
1
0
1
10
1
0
1
11
1
0
1
12
1
0
1
13
1
0
1
14
1
0
1
15
1
0
1
16
1
0
1
17
1
0
1
18
1
0.32941177487373352
1
19
1
0.17647059261798859
1
20
1
0.050980396568775177
1
21
1
0.52549022436141968
1
22
1
1
1
23
1
0.70980393886566162
1
24
1
0
1
25
1
0
1
26
1
0
1
27
1
0
1
28
1
0
1
6
3
9
28
1
1
1
0
1
2
1
0
1
3
1
0
1
4
1
0
1
5
1
0
1
6
1
0
1
7
1
0
1
8
1
0
1
9
1
0
1
10
1
0
1
11
1
0
1
12
1
0
1
13
1
0
1
14
1
0
1
15
1
0
1
16
1
0
1
17
1
0.17647059261798859
1
18
1
0.98431378602981567
1
19
1
0.9803922176361084
1
20
1
0.97647064924240112
1
21
1
0.99215692281723022
1
22
1
0.99215692281723022
1
23
1
0.96862751245498657
1
24
1
0
1
25
1
0
1
26
1
0
1
27
1
0
1
28
1
0
1
7
3
10
28
1
1
1
0
1
2
1
0
1
3
1
0
1
4
1
0
1
5
1
0
1
6
1
0
1
7
1
0
1
8
1
0
1
9
1
0
1
10
1
0
1
11
1
0
1
12
1
0
1
13
1
0
1
14
1
0
1
15
1
0
1
16
1
0.090196080505847931
1
17
1
0.80000007152557373
1
18
1
0.99215692281723022
1
19
1
0.99215692281723022
1
20
1
0.99215692281723022
1
21
1
0.99215692281723022
1
22
1
0.99215692281723022
1
23
1
0.74117648601531982
1
24
1
0
1
25
1
0
1
26
1
0
1
27
1
0
1
28
1
0
1
8
3
11
28
1
1
1
0
1
2
1
0
1
3
1
0
1
4
1
0
1
5
1
0
1
6
1
0
1
7
1
0
1
8
1
0
1
9
1
0
1
10
1
0
1
11
1
0
1
12
1
0
1
13
1
0
1
14
1
0
1
15
1
0.30980393290519714
1
16
1
0.79215693473815918
1
17
1
0.99215692281723022
1
18
1
0.99215692281723022
1
19
1
0.99215692281723022
1
20
1
0.99215692281723022
1
21
1
0.74901962280273438
1
22
1
0.55686277151107788
1
23
1
0.035294119268655777
1
24
1
0
1
25
1
0
1
26
1
0
1
27
1
0
1
28
1
0
1
9
3
12
28
1
1
1
0
1
2
1
0
1
3
1
0
1
4
1
0
1
5
1
0
1
6
1
0
1
7
1
0
1
8
1
0
1
9
1
0
1
10
1
0
1
11
1
0
1
12
1
0
1
13
1
0.30980393290519714
1
14
1
0.78039222955703735
1
15
1
0.96862751245498657
1
16
1
0.99215692281723022
1
17
1
0.99215692281723022
1
18
1
0.99215692281723022
1
19
1
0.99215692281723022
1
20
1
0.90196084976196289
1
21
1
0.043137256056070328
1
22
1
0
1
23
1
0
1
24
1
0
1
25
1
0
1
26
1
0
1
27
1
0
1
28
1
0
1
10
3
13
28
1
1
1
0
1
2
1
0
1
3
1
0
1
4
1
0
1
5
1
0
1
6
1
0
1
7
1
0
1
8
1
0
1
9
1
0
1
10
1
0
1
11
1
0
1
12
1
0.45490199327468872
1
13
1
0.96862751245498657
1
14
1
0.99215692281723022
1
15
1
0.99215692281723022
1
16
1
0.99215692281723022
1
17
1
0.92941182851791382
1
18
1
0.87450987100601196
1
19
1
0.99215692281723022
1
20
1
0.92549026012420654
1
21
1
0.14901961386203766
1
22
1
0
1
23
1
0
1
24
1
0
1
25
1
0
1
26
1
0
1
27
1
0
1
28
1
0
1
11
3
14
28
1
1
1
0
1
2
1
0
1
3
1
0
1
4
1
0
1
5
1
0
1
6
1
0
1
7
1
0
1
8
1
0
1
9
1
0
1
10
1
0
1
11
1
0.458823561668396
1
12
1
0.96862751245498657
1
13
1
0.99215692281723022
1
14
1
0.99215692281723022
1
15
1
0.99215692281723022
1
16
1
0.64705884456634521
1
17
1
0.12549020349979401
1
18
1
0.23137256503105164
1
19
1
0.99215692281723022
1
20
1
0.99215692281723022
1
21
1
0.83921575546264648
1
22
1
0
1
23
1
0
1
24
1
0
1
25
1
0
1
26
1
0
1
27
1
0
1
28
1
0
1
12
3
15
28
1
1
1
0
1
2
1
0
1
3
1
0
1
4
1
0
1
5
1
0
1
6
1
0
1
7
1
0
1
8
1
0
1
9
1
0
1
10
1
0.45490199327468872
1
11
1
0.96862751245498657
1
12
1
0.99215692281723022
1
13
1
0.99215692281723022
1
14
1
0.78039222955703735
1
15
1
0.17647059261798859
1
16
1
0.050980396568775177
1
17
1
0
1
18
1
0.027450982481241226
1
19
1
0.70196080207824707
1
20
1
0.99215692281723022
1
21
1
0.9803922176361084
1
22
1
0.35686275362968445
1
23
1
0
1
24
1
0
1
25
1
0
1
26
1
0
1
27
1
0
1
28
1
0
1
13
3
16
28
1
1
1
0
1
2
1
0
1
3
1
0
1
4
1
0
1
5
1
0
1
6
1
0
1
7
1
0
1
8
1
0.11764706671237946
1
9
1
0.74117648601531982
1
10
1
0.96862751245498657
1
11
1
0.99215692281723022
1
12
1
0.99215692281723022
1
13
1
0.62352943420410156
1
14
1
0.14901961386203766
1
15
1
0
1
16
1
0
1
17
1
0
1
18
1
0
1
19
1
0.63921570777893066
1
20
1
0.99215692281723022
1
21
1
0.99215692281723022
1
22
1
0.43137258291244507
1
23
1
0
1
24
1
0
1
25
1
0
1
26
1
0
1
27
1
0
1
28
1
0
1
14
3
17
28
1
1
1
0
1
2
1
0
1
3
1
0
1
4
1
0
1
5
1
0
1
6
1
0
1
7
1
0
1
8
1
0.54117649793624878
1
9
1
0.99215692281723022
1
10
1
0.99215692281723022
1
11
1
0.90588241815567017
1
12
1
0.57647061347961426
1
13
1
0.047058828175067902
1
14
1
0
1
15
1
0
1
16
1
0
1
17
1
0
1
18
1
0
1
19
1
0.5058823823928833
1
20
1
0.99215692281723022
1
21
1
0.99215692281723022
1
22
1
0.56078433990478516
1
23
1
0
1
24
1
0
1
25
1
0
1
26
1
0
1
27
1
0
1
28
1
0
1
15
3
18
28
1
1
1
0
1
2
1
0
1
3
1
0
1
4
1
0
1
5
1
0
1
6
1
0
1
7
1
0.44705885648727417
1
8
1
0.97647064924240112
1
9
1
0.99215692281723022
1
10
1
0.99215692281723022
1
11
1
0.54117649793624878
1
12
1
0
1
13
1
0
1
14
1
0
1
15
1
0
1
16
1
0
1
17
1
0
1
18
1
0
1
19
1
0.10196079313755035
1
20
1
0.90588241815567017
1
21
1
0.99215692281723022
1
22
1
0.94117653369903564
1
23
1
0
1
24
1
0
1
25
1
0
1
26
1
0
1
27
1
0
1
28
1
0
1
16
3
19
28
1
1
1
0
1
2
1
0
1
3
1
0
1
4
1
0
1
5
1
0
1
6
1
0.3333333432674408
1
7
1
0.9803922176361084
1
8
1
0.99215692281723022
1
9
1
0.99215692281723022
1
10
1
0.62745100259780884
1
11
1
0.043137256056070328
1
12
1
0
1
13
1
0
1
14
1
0
1
15
1
0
1
16
1
0
1
17
1
0
1
18
1
0
1
19
1
0
1
20
1
0.61176472902297974
1
21
1
0.99215692281723022
1
22
1
0.94117653369903564
1
23
1
0
1
24
1
0
1
25
1
0
1
26
1
0
1
27
1
0
1
28
1
0
1
17
3
20
28
1
1
1
0
1
2
1
0
1
3
1
0
1
4
1
0
1
5
1
0.090196080505847931
1
6
1
0.81960791349411011
1
7
1
0.99215692281723022
1
8
1
0.99215692281723022
1
9
1
0.63137257099151611
1
10
1
0.039215687662363052
1
11
1
0
1
12
1
0
1
13
1
0
1
14
1
0
1
15
1
0
1
16
1
0
1
17
1
0
1
18
1
0
1
19
1
0.023529414087533951
1
20
1
0.68235296010971069
1
21
1
0.99215692281723022
1
22
1
0.85098046064376831
1
23
1
0
1
24
1
0
1
25
1
0
1
26
1
0
1
27
1
0
1
28
1
0
1
18
3
21
28
1
1
1
0
1
2
1
0
1
3
1
0
1
4
1
0
1
5
1
0.4901961088180542
1
6
1
0.99215692281723022
1
7
1
0.99215692281723022
1
8
1
0.71764707565307617
1
9
1
0.035294119268655777
1
10
1
0
1
11
1
0
1
12
1
0
1
13
1
0
1
14
1
0
1
15
1
0
1
16
1
0
1
17
1
0
1
18
1
0
1
19
1
0.4745098352432251
1
20
1
0.99215692281723022
1
21
1
0.99215692281723022
1
22
1
0.43137258291244507
1
23
1
0
1
24
1
0
1
25
1
0
1
26
1
0
1
27
1
0
1
28
1
0
1
19
3
22
28
1
1
1
0
1
2
1
0
1
3
1
0
1
4
1
0
1
5
1
0.4901961088180542
1
6
1
0.99215692281723022
1
7
1
0.99215692281723022
1
8
1
0.58431375026702881
1
9
1
0
1
10
1
0
1
11
1
0
1
12
1
0
1
13
1
0
1
14
1
0
1
15
1
0
1
16
1
0
1
17
1
0
1
18
1
0.086274512112140656
1
19
1
0.68627452850341797
1
20
1
0.99215692281723022
1
21
1
0.98431378602981567
1
22
1
0.37647062540054321
1
23
1
0
1
24
1
0
1
25
1
0
1
26
1
0
1
27
1
0
1
28
1
0
1
20
3
23
28
1
1
1
0
1
2
1
0
1
3
1
0
1
4
1
0
1
5
1
0.43921571969985962
1
6
1
0.99215692281723022
1
7
1
0.99215692281723022
1
8
1
0.62352943420410156
1
9
1
0.066666670143604279
1
10
1
0
1
11
1
0
1
12
1
0
1
13
1
0
1
14
1
0
1
15
1
0
1
16
1
0.023529414087533951
1
17
1
0.19607844948768616
1
18
1
0.86666673421859741
1
19
1
0.99215692281723022
1
20
1
0.9803922176361084
1
21
1
0.55686277151107788
1
22
1
0
1
23
1
0
1
24
1
0
1
25
1
0
1
26
1
0
1
27
1
0
1
28
1
0
1
21
3
24
28
1
1
1
0
1
2
1
0
1
3
1
0
1
4
1
0
1
5
1
0
1
6
1
0.93333339691162109
1
7
1
0.99215692281723022
1
8
1
0.99215692281723022
1
9
1
0.83529418706893921
1
10
1
0.40784317255020142
1
11
1
0.078431375324726105
1
12
1
0.078431375324726105
1
13
1
0.078431375324726105
1
14
1
0.078431375324726105
1
15
1
0.19607844948768616
1
16
1
0.67058825492858887
1
17
1
0.99215692281723022
1
18
1
0.99215692281723022
1
19
1
0.99215692281723022
1
20
1
0.58823531866073608
1
21
1
0
1
22
1
0
1
23
1
0
1
24
1
0
1
25
1
0
1
26
1
0
1
27
1
0
1
28
1
0
1
22
3
25
28
1
1
1
0
1
2
1
0
1
3
1
0
1
4
1
0
1
5
1
0
1
6
1
0.20000001788139343
1
7
1
0.94117653369903564
1
8
1
0.99215692281723022
1
9
1
0.99215692281723022
1
10
1
0.99215692281723022
1
11
1
0.99215692281723022
1
12
1
0.99215692281723022
1
13
1
0.99215692281723022
1
14
1
0.99215692281723022
1
15
1
0.99215692281723022
1
16
1
0.99215692281723022
1
17
1
0.99215692281723022
1
18
1
0.98431378602981567
1
19
1
0.61176472902297974
1
20
1
0.16470588743686676
1
21
1
0
1
22
1
0
1
23
1
0
1
24
1
0
1
25
1
0
1
26
1
0
1
27
1
0
1
28
1
0
1
23
3
26
28
1
1
1
0
1
2
1
0
1
3
1
0
1
4
1
0
1
5
1
0
1
6
1
0
1
7
1
0.20000001788139343
1
8
1
0.94117653369903564
1
9
1
0.99215692281723022
1
10
1
0.99215692281723022
1
11
1
0.99215692281723022
1
12
1
0.99215692281723022
1
13
1
0.99215692281723022
1
14
1
0.99215692281723022
1
15
1
0.99215692281723022
1
16
1
0.98823535442352295
1
17
1
0.87450987100601196
1
18
1
0.38823533058166504
1
19
1
0
1
20
1
0
1
21
1
0
1
22
1
0
1
23
1
0
1
24
1
0
1
25
1
0
1
26
1
0
1
27
1
0
1
28
1
0
1
24
3
27
28
1
1
1
0
1
2
1
0
1
3
1
0
1
4
1
0
1
5
1
0
1
6
1
0
1
7
1
0
1
8
1
0.20000001788139343
1
9
1
0.48235297203063965
1
10
1
0.92941182851791382
1
11
1
0.99215692281723022
1
12
1
0.99215692281723022
1
13
1
0.99215692281723022
1
14
1
0.85882359743118286
1
15
1
0.60000002384185791
1
16
1
0.5215686559677124
1
17
1
0
1
18
1
0
1
19
1
0
1
20
1
0
1
21
1
0
1
22
1
0
1
23
1
0
1
24
1
0
1
25
1
0
1
26
1
0
1
27
1
0
1
28
1
0
1
25
3
28
28
1
1
1
0
1
2
1
0
1
3
1
0
1
4
1
0
1
5
1
0
1
6
1
0
1
7
1
0
1
8
1
0
1
9
1
0
1
10
1
0
1
11
1
0
1
12
1
0
1
13
1
0
1
14
1
0
1
15
1
0
1
16
1
0
1
17
1
0
1
18
1
0
1
19
1
0
1
20
1
0
1
21
1
0
1
22
1
0
1
23
1
0
1
24
1
0
1
25
1
0
1
26
1
0
1
27
1
0
1
28
1
0
1
26
3
29
28
1
1
1
0
1
2
1
0
1
3
1
0
1
4
1
0
1
5
1
0
1
6
1
0
1
7
1
0
1
8
1
0
1
9
1
0
1
10
1
0
1
11
1
0
1
12
1
0
1
13
1
0
1
14
1
0
1
15
1
0
1
16
1
0
1
17
1
0
1
18
1
0
1
19
1
0
1
20
1
0
1
21
1
0
1
22
1
0
1
23
1
0
1
24
1
0
1
25
1
0
1
26
1
0
1
27
1
0
1
28
1
0
1
27
3
30
28
1
1
1
0
1
2
1
0
1
3
1
0
1
4
1
0
1
5
1
0
1
6
1
0
1
7
1
0
1
8
1
0
1
9
1
0
1
10
1
0
1
11
1
0
1
12
1
0
1
13
1
0
1
14
1
0
1
15
1
0
1
16
1
0
1
17
1
0
1
18
1
0
1
19
1
0
1
20
1
0
1
21
1
0
1
22
1
0
1
23
1
0
1
24
1
0
1
25
1
0
1
26
1
0
1
27
1
0
1
28
1
0
1
28
3
31
28
1
1
1
0
1
2
1
0
1
3
1
0
1
4
1
0
1
5
1
0
1
6
1
0
1
7
1
0
1
8
1
0
1
9
1
0
1
10
1
0
1
11
1
0
1
12
1
0
1
13
1
0
1
14
1
0
1
15
1
0
1
16
1
0
1
17
1
0
1
18
1
0
1
19
1
0
1
20
1
0
1
21
1
0
1
22
1
0
1
23
1
0
1
24
1
0
1
25
1
0
1
26
1
0
1
27
1
0
1
28
1
0
1
2
3
32
1
1
1
3
33
28
1
1
3
34
28
1
1
1
0
1
2
1
0
1
3
1
0
1
4
1
0
1
5
1
0
1
6
1
0
1
7
1
0
1
8
1
0
1
9
1
0
1
10
1
0
1
11
1
0
1
12
1
0
1
13
1
0
1
14
1
0
1
15
1
0
1
16
1
0
1
17
1
0
1
18
1
0
1
19
1
0
1
20
1
0
1
21
1
0
1
22
1
0
1
23
1
0
1
24
1
0
1
25
1
0
1
26
1
0
1
27
1
0
1
28
1
0
1
2
3
35
28
1
1
1
0
1
2
1
0
1
3
1
0
1
4
1
0
1
5
1
0
1
6
1
0
1
7
1
0
1
8
1
0
1
9
1
0
1
10
1
0
1
11
1
0
1
12
1
0
1
13
1
0
1
14
1
0
1
15
1
0
1
16
1
0
1
17
1
0
1
18
1
0
1
19
1
0
1
20
1
0
1
21
1
0
1
22
1
0
1
23
1
0
1
24
1
0
1
25
1
0
1
26
1
0
1
27
1
0
1
28
1
0
1
3
3
36
28
1
1
1
0
1
2
1
0
1
3
1
0
1
4
1
0
1
5
1
0
1
6
1
0
1
7
1
0
1
8
1
0
1
9
1
0
1
10
1
0
1
11
1
0
1
12
1
0
1
13
1
0
1
14
1
0
1
15
1
0
1
16
1
0
1
17
1
0
1
18
1
0
1
19
1
0
1
20
1
0
1
21
1
0
1
22
1
0
1
23
1
0
1
24
1
0
1
25
1
0
1
26
1
0
1
27
1
0
1
28
1
0
1
4
3
37
28
1
1
1
0
1
2
1
0
1
3
1
0
1
4
1
0
1
5
1
0
1
6
1
0
1
7
1
0
1
8
1
0
1
9
1
0
1
10
1
0
1
11
1
0
1
12
1
0
1
13
1
0
1
14
1
0
1
15
1
0
1
16
1
0
1
17
1
0
1
18
1
0
1
19
1
0
1
20
1
0
1
21
1
0
1
22
1
0
1
23
1
0
1
24
1
0
1
25
1
0
1
26
1
0
1
27
1
0
1
28
1
0
1
5
3
38
28
1
1
1
0
1
2
1
0
1
3
1
0
1
4
1
0
1
5
1
0
1
6
1
0
1
7
1
0
1
8
1
0
1
9
1
0
1
10
1
0
1
11
1
0
1
12
1
0
1
13
1
0
1
14
1
0
1
15
1
0
1
16
1
0
1
17
1
0
1
18
1
0
1
19
1
0
1
20
1
0
1
21
1
0
1
22
1
0
1
23
1
0
1
24
1
0
1
25
1
0
1
26
1
0
1
27
1
0
1
28
1
0
1
6
3
39
28
1
1
1
0
1
2
1
0
1
3
1
0
1
4
1
0
1
5
1
0
1
6
1
0
1
7
1
0
1
8
1
0
1
9
1
0
1
10
1
0
1
11
1
0
1
12
1
0.066666670143604279
1
13
1
0.46274513006210327
1
14
1
0.74901962280273438
1
15
1
1
1
16
1
0.99215692281723022
1
17
1
0.99215692281723022
1
18
1
0.99215692281723022
1
19
1
0.7882353663444519
1
20
1
0.043137256056070328
1
21
1
0
1
22
1
0
1
23
1
0
1
24
1
0
1
25
1
0
1
26
1
0
1
27
1
0
1
28
1
0
1
7
3
40
28
1
1
1
0
1
2
1
0
1
3
1
0
1
4
1
0
1
5
1
0
1
6
1
0
1
7
1
0
1
8
1
0
1
9
1
0
1
10
1
0
1
11
1
0.20000001788139343
1
12
1
0.89411771297454834
1
13
1
0.98823535442352295
1
14
1
0.98823535442352295
1
15
1
0.99215692281723022
1
16
1
0.98823535442352295
1
17
1
0.98823535442352295
1
18
1
0.98823535442352295
1
19
1
0.98823535442352295
1
20
1
0.7568628191947937
1
21
1
0.066666670143604279
1
22
1
0
1
23
1
0
1
24
1
0
1
25
1
0
1
26
1
0
1
27
1
0
1
28
1
0
1
8
3
41
28
1
1
1
0
1
2
1
0
1
3
1
0
1
4
1
0
1
5
1
0
1
6
1
0
1
7
1
0
1
8
1
0
1
9
1
0
1
10
1
0.066666670143604279
1
11
1
0.89411771297454834
1
12
1
0.98823535442352295
1
13
1
0.98823535442352295
1
14
1
0.98823535442352295
1
15
1
0.99215692281723022
1
16
1
0.98823535442352295
1
17
1
0.98823535442352295
1
18
1
0.98823535442352295
1
19
1
0.98823535442352295
1
20
1
0.99215692281723022
1
21
1
0.36078432202339172
1
22
1
0
1
23
1
0
1
24
1
0
1
25
1
0
1
26
1
0
1
27
1
0
1
28
1
0
1
9
3
42
28
1
1
1
0
1
2
1
0
1
3
1
0
1
4
1
0
1
5
1
0
1
6
1
0
1
7
1
0
1
8
1
0
1
9
1
0
1
10
1
0.019607843831181526
1
11
1
0.69411766529083252
1
12
1
0.98823535442352295
1
13
1
0.98823535442352295
1
14
1
0.98823535442352295
1
15
1
0.96078437566757202
1
16
1
0.54509806632995605
1
17
1
0.76862752437591553
1
18
1
0.98823535442352295
1
19
1
0.98823535442352295
1
20
1
0.99215692281723022
1
21
1
0.36078432202339172
1
22
1
0
1
23
1
0
1
24
1
0
1
25
1
0
1
26
1
0
1
27
1
0
1
28
1
0
1
10
3
43
28
1
1
1
0
1
2
1
0
1
3
1
0
1
4
1
0
1
5
1
0
1
6
1
0
1
7
1
0
1
8
1
0
1
9
1
0
1
10
1
0.29019609093666077
1
11
1
0.95686280727386475
1
12
1
0.98823535442352295
1
13
1
0.98823535442352295
1
14
1
0.57647061347961426
1
15
1
0.08235294371843338
1
16
1
0
1
17
1
0.72156864404678345
1
18
1
0.98823535442352295
1
19
1
0.98823535442352295
1
20
1
0.99215692281723022
1
21
1
0.36078432202339172
1
22
1
0
1
23
1
0
1
24
1
0
1
25
1
0
1
26
1
0
1
27
1
0
1
28
1
0
1
11
3
44
28
1
1
1
0
1
2
1
0
1
3
1
0
1
4
1
0
1
5
1
0
1
6
1
0
1
7
1
0
1
8
1
0
1
9
1
0
1
10
1
0.58431375026702881
1
11
1
0.93725496530532837
1
12
1
0.57254904508590698
1
13
1
0.08235294371843338
1
14
1
0
1
15
1
0.011764707043766975
1
16
1
0.46274513006210327
1
17
1
0.99215692281723022
1
18
1
0.99215692281723022
1
19
1
0.99215692281723022
1
20
1
0.86666673421859741
1
21
1
0
1
22
1
0
1
23
1
0
1
24
1
0
1
25
1
0
1
26
1
0
1
27
1
0
1
28
1
0
1
12
3
45
28
1
1
1
0
1
2
1
0
1
3
1
0
1
4
1
0
1
5
1
0
1
6
1
0
1
7
1
0
1
8
1
0
1
9
1
0
1
10
1
0.56470590829849243
1
11
1
0.12941177189350128
1
12
1
0
1
13
1
0
1
14
1
0
1
15
1
0.17647059261798859
1
16
1
0.98823535442352295
1
17
1
0.98823535442352295
1
18
1
0.98823535442352295
1
19
1
0.98823535442352295
1
20
1
0.16470588743686676
1
21
1
0
1
22
1
0
1
23
1
0
1
24
1
0
1
25
1
0
1
26
1
0
1
27
1
0
1
28
1
0
1
13
3
46
28
1
1
1
0
1
2
1
0
1
3
1
0
1
4
1
0
1
5
1
0
1
6
1
0
1
7
1
0
1
8
1
0
1
9
1
0
1
10
1
0
1
11
1
0
1
12
1
0
1
13
1
0.22352942824363708
1
14
1
0.68235296010971069
1
15
1
0.87058830261230469
1
16
1
0.98823535442352295
1
17
1
0.98823535442352295
1
18
1
0.89019614458084106
1
19
1
0.50980395078659058
1
20
1
0
1
21
1
0
1
22
1
0
1
23
1
0
1
24
1
0
1
25
1
0
1
26
1
0
1
27
1
0
1
28
1
0
1
14
3
47
28
1
1
1
0
1
2
1
0
1
3
1
0
1
4
1
0
1
5
1
0
1
6
1
0
1
7
1
0
1
8
1
0
1
9
1
0
1
10
1
0
1
11
1
0.23529413342475891
1
12
1
0.48627454042434692
1
13
1
0.95686280727386475
1
14
1
0.98823535442352295
1
15
1
0.99215692281723022
1
16
1
0.98823535442352295
1
17
1
0.98823535442352295
1
18
1
0.62745100259780884
1
19
1
0
1
20
1
0
1
21
1
0
1
22
1
0
1
23
1
0
1
24
1
0
1
25
1
0
1
26
1
0
1
27
1
0
1
28
1
0
1
15
3
48
28
1
1
1
0
1
2
1
0
1
3
1
0
1
4
1
0
1
5
1
0
1
6
1
0
1
7
1
0
1
8
1
0
1
9
1
0
1
10
1
0.086274512112140656
1
11
1
0.95686280727386475
1
12
1
0.98823535442352295
1
13
1
0.98823535442352295
1
14
1
0.98823535442352295
1
15
1
0.99215692281723022
1
16
1
0.98823535442352295
1
17
1
0.98823535442352295
1
18
1
0.95686280727386475
1
19
1
0.28627452254295349
1
20
1
0
1
21
1
0
1
22
1
0
1
23
1
0
1
24
1
0
1
25
1
0
1
26
1
0
1
27
1
0
1
28
1
0
1
16
3
49
28
1
1
1
0
1
2
1
0
1
3
1
0
1
4
1
0
1
5
1
0
1
6
1
0
1
7
1
0
1
8
1
0
1
9
1
0
1
10
1
0.086274512112140656
1
11
1
0.96078437566757202
1
12
1
0.99215692281723022
1
13
1
0.99215692281723022
1
14
1
0.99215692281723022
1
15
1
1
1
16
1
0.99215692281723022
1
17
1
0.99215692281723022
1
18
1
0.99215692281723022
1
19
1
0.99215692281723022
1
20
1
0.29019609093666077
1
21
1
0
1
22
1
0
1
23
1
0
1
24
1
0
1
25
1
0
1
26
1
0
1
27
1
0
1
28
1
0
1
17
3
50
28
1
1
1
0
1
2
1
0
1
3
1
0
1
4
1
0
1
5
1
0
1
6
1
0
1
7
1
0
1
8
1
0
1
9
1
0
1
10
1
0
1
11
1
0.23137256503105164
1
12
1
0.68627452850341797
1
13
1
0.43921571969985962
1
14
1
0.36078432202339172
1
15
1
0.36078432202339172
1
16
1
0.44313728809356689
1
17
1
0.94117653369903564
1
18
1
0.98823535442352295
1
19
1
0.98823535442352295
1
20
1
0.91764712333679199
1
21
1
0.066666670143604279
1
22
1
0
1
23
1
0
1
24
1
0
1
25
1
0
1
26
1
0
1
27
1
0
1
28
1
0
1
18
3
51
28
1
1
1
0
1
2
1
0
1
3
1
0
1
4
1
0
1
5
1
0
1
6
1
0
1
7
1
0
1
8
1
0
1
9
1
0
1
10
1
0
1
11
1
0
1
12
1
0
1
13
1
0
1
14
1
0
1
15
1
0
1
16
1
0
1
17
1
0.72156864404678345
1
18
1
0.98823535442352295
1
19
1
0.98823535442352295
1
20
1
0.99215692281723022
1
21
1
0.36078432202339172
1
22
1
0
1
23
1
0
1
24
1
0
1
25
1
0
1
26
1
0
1
27
1
0
1
28
1
0
1
19
3
52
28
1
1
1
0
1
2
1
0
1
3
1
0
1
4
1
0
1
5
1
0
1
6
1
0
1
7
1
0
1
8
1
0
1
9
1
0
1
10
1
0
1
11
1
0
1
12
1
0
1
13
1
0
1
14
1
0
1
15
1
0
1
16
1
0
1
17
1
0.72156864404678345
1
18
1
0.98823535442352295
1
19
1
0.98823535442352295
1
20
1
0.99215692281723022
1
21
1
0.36078432202339172
1
22
1
0
1
23
1
0
1
24
1
0
1
25
1
0
1
26
1
0
1
27
1
0
1
28
1
0
1
20
3
53
28
1
1
1
0
1
2
1
0
1
3
1
0
1
4
1
0
1
5
1
0
1
6
1
0
1
7
1
0
1
8
1
0
1
9
1
0
1
10
1
0
1
11
1
0
1
12
1
0
1
13
1
0
1
14
1
0
1
15
1
0
1
16
1
0.086274512112140656
1
17
1
0.84313732385635376
1
18
1
0.98823535442352295
1
19
1
0.98823535442352295
1
20
1
0.95294123888015747
1
21
1
0.19607844948768616
1
22
1
0
1
23
1
0
1
24
1
0
1
25
1
0
1
26
1
0
1
27
1
0
1
28
1
0
1
21
3
54
28
1
1
1
0
1
2
1
0
1
3
1
0
1
4
1
0
1
5
1
0
1
6
1
0
1
7
1
0
1
8
1
0
1
9
1
0
1
10
1
0
1
11
1
0
1
12
1
0
1
13
1
0
1
14
1
0.043137256056070328
1
15
1
0.58431375026702881
1
16
1
0.99215692281723022
1
17
1
0.99215692281723022
1
18
1
0.99215692281723022
1
19
1
0.99215692281723022
1
20
1
0.61960786581039429
1
21
1
0
1
22
1
0
1
23
1
0
1
24
1
0
1
25
1
0
1
26
1
0
1
27
1
0
1
28
1
0
1
22
3
55
28
1
1
1
0
1
2
1
0
1
3
1
0
1
4
1
0
1
5
1
0
1
6
1
0
1
7
1
0
1
8
1
0
1
9
1
0.16862745583057404
1
10
1
0.18431372940540314
1
11
1
0.18431372940540314
1
12
1
0.18431372940540314
1
13
1
0.54901963472366333
1
14
1
0.79607850313186646
1
15
1
0.99215692281723022
1
16
1
0.98823535442352295
1
17
1
0.98823535442352295
1
18
1
0.92156869173049927
1
19
1
0.60000002384185791
1
20
1
0
1
21
1
0
1
22
1
0
1
23
1
0
1
24
1
0
1
25
1
0
1
26
1
0
1
27
1
0
1
28
1
0
1
23
3
56
28
1
1
1
0
1
2
1
0
1
3
1
0
1
4
1
0
1
5
1
0
1
6
1
0
1
7
1
0
1
8
1
0.10196079313755035
1
9
1
0.92549026012420654
1
10
1
0.99215692281723022
1
11
1
0.98823535442352295
1
12
1
0.98823535442352295
1
13
1
0.98823535442352295
1
14
1
0.98823535442352295
1
15
1
0.99215692281723022
1
16
1
0.98823535442352295
1
17
1
0.91372555494308472
1
18
1
0.25098040699958801
1
19
1
0
1
20
1
0
1
21
1
0
1
22
1
0
1
23
1
0
1
24
1
0
1
25
1
0
1
26
1
0
1
27
1
0
1
28
1
0
1
24
3
57
28
1
1
1
0
1
2
1
0
1
3
1
0
1
4
1
0
1
5
1
0
1
6
1
0
1
7
1
0
1
8
1
0.364705890417099
1
9
1
0.98823535442352295
1
10
1
0.99215692281723022
1
11
1
0.98823535442352295
1
12
1
0.98823535442352295
1
13
1
0.98823535442352295
1
14
1
0.98823535442352295
1
15
1
0.79607850313186646
1
16
1
0.54509806632995605
1
17
1
0.12941177189350128
1
18
1
0
1
19
1
0
1
20
1
0
1
21
1
0
1
22
1
0
1
23
1
0
1
24
1
0
1
25
1
0
1
26
1
0
1
27
1
0
1
28
1
0
1
25
3
58
28
1
1
1
0
1
2
1
0
1
3
1
0
1
4
1
0
1
5
1
0
1
6
1
0
1
7
1
0
1
8
1
0.20000001788139343
1
9
1
0.9490196704864502
1
10
1
0.99215692281723022
1
11
1
0.98823535442352295
1
12
1
0.98823535442352295
1
13
1
0.61568629741668701
1
14
1
0.3333333432674408
1
15
1
0.043137256056070328
1
16
1
0
1
17
1
0
1
18
1
0
1
19
1
0
1
20
1
0
1
21
1
0
1
22
1
0
1
23
1
0
1
24
1
0
1
25
1
0
1
26
1
0
1
27
1
0
1
28
1
0
1
26
3
59
28
1
1
1
0
1
2
1
0
1
3
1
0
1
4
1
0
1
5
1
0
1
6
1
0
1
7
1
0
1
8
1
0
1
9
1
0
1
10
1
0
1
11
1
0
1
12
1
0
1
13
1
0
1
14
1
0
1
15
1
0
1
16
1
0
1
17
1
0
1
18
1
0
1
19
1
0
1
20
1
0
1
21
1
0
1
22
1
0
1
23
1
0
1
24
1
0
1
25
1
0
1
26
1
0
1
27
1
0
1
28
1
0
1
27
3
60
28
1
1
1
0
1
2
1
0
1
3
1
0
1
4
1
0
1
5
1
0
1
6
1
0
1
7
1
0
1
8
1
0
1
9
1
0
1
10
1
0
1
11
1
0
1
12
1
0
1
13
1
0
1
14
1
0
1
15
1
0
1
16
1
0
1
17
1
0
1
18
1
0
1
19
1
0
1
20
1
0
1
21
1
0
1
22
1
0
1
23
1
0
1
24
1
0
1
25
1
0
1
26
1
0
1
27
1
0
1
28
1
0
1
28
3
61
28
1
1
1
0
1
2
1
0
1
3
1
0
1
4
1
0
1
5
1
0
1
6
1
0
1
7
1
0
1
8
1
0
1
9
1
0
1
10
1
0
1
11
1
0
1
12
1
0
1
13
1
0
1
14
1
0
1
15
1
0
1
16
1
0
1
17
1
0
1
18
1
0
1
19
1
0
1
20
1
0
1
21
1
0
1
22
1
0
1
23
1
0
1
24
1
0
1
25
1
0
1
26
1
0
1
27
1
0
1
28
1
0
1
3
3
62
1
1
1
3
63
28
1
1
3
64
28
1
1
1
0
1
2
1
0
1
3
1
0
1
4
1
0
1
5
1
0
1
6
1
0
1
7
1
0
1
8
1
0
1
9
1
0
1
10
1
0
1
11
1
0
1
12
1
0
1
13
1
0
1
14
1
0
1
15
1
0
1
16
1
0
1
17
1
0
1
18
1
0
1
19
1
0
1
20
1
0
1
21
1
0
1
22
1
0
1
23
1
0
1
24
1
0
1
25
1
0
1
26
1
0
1
27
1
0
1
28
1
0
1
2
3
65
28
1
1
1
0
1
2
1
0
1
3
1
0
1
4
1
0
1
5
1
0
1
6
1
0
1
7
1
0
1
8
1
0
1
9
1
0
1
10
1
0
1
11
1
0
1
12
1
0
1
13
1
0
1
14
1
0
1
15
1
0
1
16
1
0
1
17
1
0
1
18
1
0
1
19
1
0
1
20
1
0
1
21
1
0
1
22
1
0
1
23
1
0
1
24
1
0
1
25
1
0
1
26
1
0
1
27
1
0
1
28
1
0
1
3
3
66
28
1
1
1
0
1
2
1
0
1
3
1
0
1
4
1
0
1
5
1
0
1
6
1
0
1
7
1
0
1
8
1
0
1
9
1
0
1
10
1
0
1
11
1
0
1
12
1
0
1
13
1
0
1
14
1
0
1
15
1
0
1
16
1
0
1
17
1
0
1
18
1
0
1
19
1
0
1
20
1
0
1
21
1
0
1
22
1
0
1
23
1
0
1
24
1
0
1
25
1
0
1
26
1
0
1
27
1
0
1
28
1
0
1
4
3
67
28
1
1
1
0
1
2
1
0
1
3
1
0
1
4
1
0
1
5
1
0
1
6
1
0
1
7
1
0
1
8
1
0
1
9
1
0
1
10
1
0
1
11
1
0
1
12
1
0
1
13
1
0
1
14
1
0
1
15
1
0
1
16
1
0
1
17
1
0
1
18
1
0
1
19
1
0
1
20
1
0
1
21
1
0
1
22
1
0
1
23
1
0
1
24
1
0
1
25
1
0
1
26
1
0
1
27
1
0
1
28
1
0
1
5
3
68
28
1
1
1
0
1
2
1
0
1
3
1
0
1
4
1
0
1
5
1
0
1
6
1
0
1
7
1
0
1
8
1
0
1
9
1
0
1
10
1
0
1
11
1
0
1
12
1
0
1
13
1
0
1
14
1
0
1
15
1
0
1
16
1
0
1
17
1
0
1
18
1
0
1
19
1
0
1
20
1
0
1
21
1
0
1
22
1
0
1
23
1
0
1
24
1
0
1
25
1
0
1
26
1
0
1
27
1
0
1
28
1
0
1
6
3
69
28
1
1
1
0
1
2
1
0
1
3
1
0
1
4
1
0
1
5
1
0
1
6
1
0
1
7
1
0
1
8
1
0.50196081399917603
1
9
1
0.50196081399917603
1
10
1
0.50196081399917603
1
11
