
new glimpse 1
 -0.031041733920574 0.67196357250214; -0.031041733920574 0.67196357250214; -0.031041733920574 0.67196357250214; -0.031041733920574 0.67196357250214; -0.031041733920574 0.67196357250214; -0.031041733920574 0.67196357250214; -0.031041733920574 0.67196357250214; -0.031041733920574 0.67196357250214; -0.031041733920574 0.67196357250214; -0.031041733920574 0.67196357250214; -0.031041733920574 0.67196357250214; -0.031041733920574 0.67196357250214; -0.031041733920574 0.67196357250214; -0.031041733920574 0.67196357250214; -0.031041733920574 0.67196357250214; -0.031041733920574 0.67196357250214; -0.031041733920574 0.67196357250214; -0.031041733920574 0.67196357250214; -0.031041733920574 0.67196357250214; -0.031041733920574 0.67196357250214;
new glimpse 1
 -0.92857140302658 0.92857140302658; -0.92857140302658 0.92857140302658; -0.92857140302658 0.92857140302658; -0.92857140302658 0.92857140302658; -0.92857140302658 0.92857140302658; -0.92857140302658 0.92857140302658; -0.92857140302658 0.92857140302658; -0.92857140302658 0.92857140302658; -0.92857140302658 0.92857140302658; -0.92857140302658 0.92857140302658; -0.92857140302658 0.92857140302658; -0.92857140302658 0.92857140302658; -0.92857140302658 0.92857140302658; -0.92857140302658 0.92857140302658; -0.92857140302658 0.92857140302658; -0.92857140302658 0.92857140302658; -0.92857140302658 0.92857140302658; -0.92857140302658 0.92857140302658; -0.92857140302658 0.92857140302658; -0.92857140302658 0.92857140302658;
new glimpse 2
 -0.92857140302658 0.92857140302658; -0.92857140302658 0.92857140302658; -0.92857140302658 0.92857140302658; -0.92857140302658 0.92857140302658; -0.92857140302658 0.92857140302658; -0.92857140302658 0.92857140302658; -0.92857140302658 0.92857140302658; -0.92857140302658 0.92857140302658; -0.92857140302658 0.92857140302658; -0.92857140302658 0.92857140302658; -0.92857140302658 0.92857140302658; -0.92857140302658 0.92857140302658; -0.92857140302658 0.92857140302658; -0.92857140302658 0.92857140302658; -0.92857140302658 0.92857140302658; -0.92857140302658 0.92857140302658; -0.92857140302658 0.92857140302658; -0.92857140302658 0.92857140302658; -0.92857140302658 0.92857140302658; -0.92857140302658 0.92857140302658;
new glimpse 3
 -0.92857140302658 0.92857140302658; -0.92857140302658 0.92857140302658; -0.92857140302658 0.92857140302658; -0.92857140302658 0.92857140302658; -0.92857140302658 0.92857140302658; -0.92857140302658 0.92857140302658; -0.92857140302658 0.92857140302658; -0.92857140302658 0.92857140302658; -0.92857140302658 0.92857140302658; -0.92857140302658 0.92857140302658; -0.92857140302658 0.92857140302658; -0.92857140302658 0.92857140302658; -0.92857140302658 0.92857140302658; -0.92857140302658 0.92857140302658; -0.92857140302658 0.92857140302658; -0.92857140302658 0.92857140302658; -0.92857140302658 0.92857140302658; -0.92857140302658 0.92857140302658; -0.92857140302658 0.92857140302658; -0.92857140302658 0.92857140302658;
new glimpse 4
 -0.92857140302658 0.92857140302658; -0.92857140302658 0.92857140302658; -0.92857140302658 0.92857140302658; -0.92857140302658 0.92857140302658; -0.92857140302658 0.92857140302658; -0.92857140302658 0.92857140302658; -0.92857140302658 0.92857140302658; -0.92857140302658 0.92857140302658; -0.92857140302658 0.92857140302658; -0.92857140302658 0.92857140302658; -0.92857140302658 0.92857140302658; -0.92857140302658 0.92857140302658; -0.92857140302658 0.92857140302658; -0.92857140302658 0.92857140302658; -0.92857140302658 0.92857140302658; -0.92857140302658 0.92857140302658; -0.92857140302658 0.92857140302658; -0.92857140302658 0.92857140302658; -0.92857140302658 0.92857140302658; -0.92857140302658 0.92857140302658;
new glimpse 5
 -0.92857140302658 0.92857140302658; -0.92857140302658 0.92857140302658; -0.92857140302658 0.92857140302658; -0.92857140302658 0.92857140302658; -0.92857140302658 0.92857140302658; -0.92857140302658 0.92857140302658; -0.92857140302658 0.92857140302658; -0.92857140302658 0.92857140302658; -0.92857140302658 0.92857140302658; -0.92857140302658 0.92857140302658; -0.92857140302658 0.92857140302658; -0.92857140302658 0.92857140302658; -0.92857140302658 0.92857140302658; -0.92857140302658 0.92857140302658; -0.92857140302658 0.92857140302658; -0.92857140302658 0.92857140302658; -0.92857140302658 0.92857140302658; -0.92857140302658 0.92857140302658; -0.92857140302658 0.92857140302658; -0.92857140302658 0.92857140302658;
new glimpse 6
 -0.92857140302658 0.92857140302658; -0.92857140302658 0.92857140302658; -0.92857140302658 0.92857140302658; -0.92857140302658 0.92857140302658; -0.92857140302658 0.92857140302658; -0.92857140302658 0.92857140302658; -0.92857140302658 0.92857140302658; -0.92857140302658 0.92857140302658; -0.92857140302658 0.92857140302658; -0.92857140302658 0.92857140302658; -0.92857140302658 0.92857140302658; -0.92857140302658 0.92857140302658; -0.92857140302658 0.92857140302658; -0.92857140302658 0.92857140302658; -0.92857140302658 0.92857140302658; -0.92857140302658 0.92857140302658; -0.92857140302658 0.92857140302658; -0.92857140302658 0.92857140302658; -0.92857140302658 0.92857140302658; -0.92857140302658 0.92857140302658;
new glimpse 2
 -0.031041733920574 0.67196357250214; -0.031041733920574 0.67196357250214; -0.031041733920574 0.67196357250214; -0.031041733920574 0.67196357250214; -0.031041733920574 0.67196357250214; -0.031041733920574 0.67196357250214; -0.031041733920574 0.67196357250214; -0.031041733920574 0.67196357250214; -0.031041733920574 0.67196357250214; -0.031041733920574 0.67196357250214; -0.031041733920574 0.67196357250214; -0.031041733920574 0.67196357250214; -0.031041733920574 0.67196357250214; -0.031041733920574 0.67196357250214; -0.031041733920574 0.67196357250214; -0.031041733920574 0.67196357250214; -0.031041733920574 0.67196357250214; -0.031041733920574 0.67196357250214; -0.031041733920574 0.67196357250214; -0.031041733920574 0.67196357250214;
new glimpse 7
 -0.92857140302658 0.92857140302658; -0.92857140302658 0.92857140302658; -0.92857140302658 0.92857140302658; -0.92857140302658 0.92857140302658; -0.92857140302658 0.92857140302658; -0.92857140302658 0.92857140302658; -0.92857140302658 0.92857140302658; -0.92857140302658 0.92857140302658; -0.92857140302658 0.92857140302658; -0.92857140302658 0.92857140302658; -0.92857140302658 0.92857140302658; -0.92857140302658 0.92857140302658; -0.92857140302658 0.92857140302658; -0.92857140302658 0.92857140302658; -0.92857140302658 0.92857140302658; -0.92857140302658 0.92857140302658; -0.92857140302658 0.92857140302658; -0.92857140302658 0.92857140302658; -0.92857140302658 0.92857140302658; -0.92857140302658 0.92857140302658;
new glimpse 8
 -0.92857140302658 0.92857140302658; -0.92857140302658 0.92857140302658; -0.92857140302658 0.92857140302658; -0.92857140302658 0.92857140302658; -0.92857140302658 0.92857140302658; -0.92857140302658 0.92857140302658; -0.92857140302658 0.92857140302658; -0.92857140302658 0.92857140302658; -0.92857140302658 0.92857140302658; -0.92857140302658 0.92857140302658; -0.92857140302658 0.92857140302658; -0.92857140302658 0.92857140302658; -0.92857140302658 0.92857140302658; -0.92857140302658 0.92857140302658; -0.92857140302658 0.92857140302658; -0.92857140302658 0.92857140302658; -0.92857140302658 0.92857140302658; -0.92857140302658 0.92857140302658; -0.92857140302658 0.92857140302658; -0.92857140302658 0.92857140302658;
new glimpse 9
 -0.92857140302658 0.92857140302658; -0.92857140302658 0.92857140302658; -0.92857140302658 0.92857140302658; -0.92857140302658 0.92857140302658; -0.92857140302658 0.92857140302658; -0.92857140302658 0.92857140302658; -0.92857140302658 0.92857140302658; -0.92857140302658 0.92857140302658; -0.92857140302658 0.92857140302658; -0.92857140302658 0.92857140302658; -0.92857140302658 0.92857140302658; -0.92857140302658 0.92857140302658; -0.92857140302658 0.92857140302658; -0.92857140302658 0.92857140302658; -0.92857140302658 0.92857140302658; -0.92857140302658 0.92857140302658; -0.92857140302658 0.92857140302658; -0.92857140302658 0.92857140302658; -0.92857140302658 0.92857140302658; -0.92857140302658 0.92857140302658;
new glimpse 10
 -0.92857140302658 0.92857140302658; -0.92857140302658 0.92857140302658; -0.92857140302658 0.92857140302658; -0.92857140302658 0.92857140302658; -0.92857140302658 0.92857140302658; -0.92857140302658 0.92857140302658; -0.92857140302658 0.92857140302658; -0.92857140302658 0.92857140302658; -0.92857140302658 0.92857140302658; -0.92857140302658 0.92857140302658; -0.92857140302658 0.92857140302658; -0.92857140302658 0.92857140302658; -0.92857140302658 0.92857140302658; -0.92857140302658 0.92857140302658; -0.92857140302658 0.92857140302658; -0.92857140302658 0.92857140302658; -0.92857140302658 0.92857140302658; -0.92857140302658 0.92857140302658; -0.92857140302658 0.92857140302658; -0.92857140302658 0.92857140302658;
new glimpse 11
 -0.92857140302658 0.92857140302658; -0.92857140302658 0.92857140302658; -0.92857140302658 0.92857140302658; -0.92857140302658 0.92857140302658; -0.92857140302658 0.92857140302658; -0.92857140302658 0.92857140302658; -0.92857140302658 0.92857140302658; -0.92857140302658 0.92857140302658; -0.92857140302658 0.92857140302658; -0.92857140302658 0.92857140302658; -0.92857140302658 0.92857140302658; -0.92857140302658 0.92857140302658; -0.92857140302658 0.92857140302658; -0.92857140302658 0.92857140302658; -0.92857140302658 0.92857140302658; -0.92857140302658 0.92857140302658; -0.92857140302658 0.92857140302658; -0.92857140302658 0.92857140302658; -0.92857140302658 0.92857140302658; -0.92857140302658 0.92857140302658;
new glimpse 12
 -0.92857140302658 0.92857140302658; -0.92857140302658 0.92857140302658; -0.92857140302658 0.92857140302658; -0.92857140302658 0.92857140302658; -0.92857140302658 0.92857140302658; -0.92857140302658 0.92857140302658; -0.92857140302658 0.92857140302658; -0.92857140302658 0.92857140302658; -0.92857140302658 0.92857140302658; -0.92857140302658 0.92857140302658; -0.92857140302658 0.92857140302658; -0.92857140302658 0.92857140302658; -0.92857140302658 0.92857140302658; -0.92857140302658 0.92857140302658; -0.92857140302658 0.92857140302658; -0.92857140302658 0.92857140302658; -0.92857140302658 0.92857140302658; -0.92857140302658 0.92857140302658; -0.92857140302658 0.92857140302658; -0.92857140302658 0.92857140302658;
new glimpse 3
 -0.031041733920574 0.67196357250214; -0.031041733920574 0.67196357250214; -0.031041733920574 0.67196357250214; -0.031041733920574 0.67196357250214; -0.031041733920574 0.67196357250214; -0.031041733920574 0.67196357250214; -0.031041733920574 0.67196357250214; -0.031041733920574 0.67196357250214; -0.031041733920574 0.67196357250214; -0.031041733920574 0.67196357250214; -0.031041733920574 0.67196357250214; -0.031041733920574 0.67196357250214; -0.031041733920574 0.67196357250214; -0.031041733920574 0.67196357250214; -0.031041733920574 0.67196357250214; -0.031041733920574 0.67196357250214; -0.031041733920574 0.67196357250214; -0.031041733920574 0.67196357250214; -0.031041733920574 0.67196357250214; -0.031041733920574 0.67196357250214;
new glimpse 13
 -0.92857140302658 0.92857140302658; -0.92857140302658 0.92857140302658; -0.92857140302658 0.92857140302658; -0.92857140302658 0.92857140302658; -0.92857140302658 0.92857140302658; -0.92857140302658 0.92857140302658; -0.92857140302658 0.92857140302658; -0.92857140302658 0.92857140302658; -0.92857140302658 0.92857140302658; -0.92857140302658 0.92857140302658; -0.92857140302658 0.92857140302658; -0.92857140302658 0.92857140302658; -0.92857140302658 0.92857140302658; -0.92857140302658 0.92857140302658; -0.92857140302658 0.92857140302658; -0.92857140302658 0.92857140302658; -0.92857140302658 0.92857140302658; -0.92857140302658 0.92857140302658; -0.92857140302658 0.92857140302658; -0.92857140302658 0.92857140302658;
new glimpse 14
 -0.92857140302658 0.92857140302658; -0.92857140302658 0.92857140302658; -0.92857140302658 0.92857140302658; -0.92857140302658 0.92857140302658; -0.92857140302658 0.92857140302658; -0.92857140302658 0.92857140302658; -0.92857140302658 0.92857140302658; -0.92857140302658 0.92857140302658; -0.92857140302658 0.92857140302658; -0.92857140302658 0.92857140302658; -0.92857140302658 0.92857140302658; -0.92857140302658 0.92857140302658; -0.92857140302658 0.92857140302658; -0.92857140302658 0.92857140302658; -0.92857140302658 0.92857140302658; -0.92857140302658 0.92857140302658; -0.92857140302658 0.92857140302658; -0.92857140302658 0.92857140302658; -0.92857140302658 0.92857140302658; -0.92857140302658 0.92857140302658;
new glimpse 15
 -0.92857140302658 0.92857140302658; -0.92857140302658 0.92857140302658; -0.92857140302658 0.92857140302658; -0.92857140302658 0.92857140302658; -0.92857140302658 0.92857140302658; -0.92857140302658 0.92857140302658; -0.92857140302658 0.92857140302658; -0.92857140302658 0.92857140302658; -0.92857140302658 0.92857140302658; -0.92857140302658 0.92857140302658; -0.92857140302658 0.92857140302658; -0.92857140302658 0.92857140302658; -0.92857140302658 0.92857140302658; -0.92857140302658 0.92857140302658; -0.92857140302658 0.92857140302658; -0.92857140302658 0.92857140302658; -0.92857140302658 0.92857140302658; -0.92857140302658 0.92857140302658; -0.92857140302658 0.92857140302658; -0.92857140302658 0.92857140302658;
new glimpse 16
 -0.92857140302658 0.92857140302658; -0.92857140302658 0.92857140302658; -0.92857140302658 0.92857140302658; -0.92857140302658 0.92857140302658; -0.92857140302658 0.92857140302658; -0.92857140302658 0.92857140302658; -0.92857140302658 0.92857140302658; -0.92857140302658 0.92857140302658; -0.92857140302658 0.92857140302658; -0.92857140302658 0.92857140302658; -0.92857140302658 0.92857140302658; -0.92857140302658 0.92857140302658; -0.92857140302658 0.92857140302658; -0.92857140302658 0.92857140302658; -0.92857140302658 0.92857140302658; -0.92857140302658 0.92857140302658; -0.92857140302658 0.92857140302658; -0.92857140302658 0.92857140302658; -0.92857140302658 0.92857140302658; -0.92857140302658 0.92857140302658;
new glimpse 17
 -0.92857140302658 0.92857140302658; -0.92857140302658 0.92857140302658; -0.92857140302658 0.92857140302658; -0.92857140302658 0.92857140302658; -0.92857140302658 0.92857140302658; -0.92857140302658 0.92857140302658; -0.92857140302658 0.92857140302658; -0.92857140302658 0.92857140302658; -0.92857140302658 0.92857140302658; -0.92857140302658 0.92857140302658; -0.92857140302658 0.92857140302658; -0.92857140302658 0.92857140302658; -0.92857140302658 0.92857140302658; -0.92857140302658 0.92857140302658; -0.92857140302658 0.92857140302658; -0.92857140302658 0.92857140302658; -0.92857140302658 0.92857140302658; -0.92857140302658 0.92857140302658; -0.92857140302658 0.92857140302658; -0.92857140302658 0.92857140302658;
new glimpse 18
 -0.92857140302658 0.92857140302658; -0.92857140302658 0.92857140302658; -0.92857140302658 0.92857140302658; -0.92857140302658 0.92857140302658; -0.92857140302658 0.92857140302658; -0.92857140302658 0.92857140302658; -0.92857140302658 0.92857140302658; -0.92857140302658 0.92857140302658; -0.92857140302658 0.92857140302658; -0.92857140302658 0.92857140302658; -0.92857140302658 0.92857140302658; -0.92857140302658 0.92857140302658; -0.92857140302658 0.92857140302658; -0.92857140302658 0.92857140302658; -0.92857140302658 0.92857140302658; -0.92857140302658 0.92857140302658; -0.92857140302658 0.92857140302658; -0.92857140302658 0.92857140302658; -0.92857140302658 0.92857140302658; -0.92857140302658 0.92857140302658;
new glimpse 4
 -0.031041733920574 0.67196357250214; -0.031041733920574 0.67196357250214; -0.031041733920574 0.67196357250214; -0.031041733920574 0.67196357250214; -0.031041733920574 0.67196357250214; -0.031041733920574 0.67196357250214; -0.031041733920574 0.67196357250214; -0.031041733920574 0.67196357250214; -0.031041733920574 0.67196357250214; -0.031041733920574 0.67196357250214; -0.031041733920574 0.67196357250214; -0.031041733920574 0.67196357250214; -0.031041733920574 0.67196357250214; -0.031041733920574 0.67196357250214; -0.031041733920574 0.67196357250214; -0.031041733920574 0.67196357250214; -0.031041733920574 0.67196357250214; -0.031041733920574 0.67196357250214; -0.031041733920574 0.67196357250214; -0.031041733920574 0.67196357250214;
new glimpse 19
 -0.92857140302658 0.92857140302658; -0.92857140302658 0.92857140302658; -0.92857140302658 0.92857140302658; -0.92857140302658 0.92857140302658; -0.92857140302658 0.92857140302658; -0.92857140302658 0.92857140302658; -0.92857140302658 0.92857140302658; -0.92857140302658 0.92857140302658; -0.92857140302658 0.92857140302658; -0.92857140302658 0.92857140302658; -0.92857140302658 0.92857140302658; -0.92857140302658 0.92857140302658; -0.92857140302658 0.92857140302658; -0.92857140302658 0.92857140302658; -0.92857140302658 0.92857140302658; -0.92857140302658 0.92857140302658; -0.92857140302658 0.92857140302658; -0.92857140302658 0.92857140302658; -0.92857140302658 0.92857140302658; -0.92857140302658 0.92857140302658;
new glimpse 20
 -0.92857140302658 0.92857140302658; -0.92857140302658 0.92857140302658; -0.92857140302658 0.92857140302658; -0.92857140302658 0.92857140302658; -0.92857140302658 0.92857140302658; -0.92857140302658 0.92857140302658; -0.92857140302658 0.92857140302658; -0.92857140302658 0.92857140302658; -0.92857140302658 0.92857140302658; -0.92857140302658 0.92857140302658; -0.92857140302658 0.92857140302658; -0.92857140302658 0.92857140302658; -0.92857140302658 0.92857140302658; -0.92857140302658 0.92857140302658; -0.92857140302658 0.92857140302658; -0.92857140302658 0.92857140302658; -0.92857140302658 0.92857140302658; -0.92857140302658 0.92857140302658; -0.92857140302658 0.92857140302658; -0.92857140302658 0.92857140302658;
new glimpse 21
 -0.92857140302658 0.92857140302658; -0.92857140302658 0.92857140302658; -0.92857140302658 0.92857140302658; -0.92857140302658 0.92857140302658; -0.92857140302658 0.92857140302658; -0.92857140302658 0.92857140302658; -0.92857140302658 0.92857140302658; -0.92857140302658 0.92857140302658; -0.92857140302658 0.92857140302658; -0.92857140302658 0.92857140302658; -0.92857140302658 0.92857140302658; -0.92857140302658 0.92857140302658; -0.92857140302658 0.92857140302658; -0.92857140302658 0.92857140302658; -0.92857140302658 0.92857140302658; -0.92857140302658 0.92857140302658; -0.92857140302658 0.92857140302658; -0.92857140302658 0.92857140302658; -0.92857140302658 0.92857140302658; -0.92857140302658 0.92857140302658;
new glimpse 22
 -0.92857140302658 0.92857140302658; -0.92857140302658 0.92857140302658; -0.92857140302658 0.92857140302658; -0.92857140302658 0.92857140302658; -0.92857140302658 0.92857140302658; -0.92857140302658 0.92857140302658; -0.92857140302658 0.92857140302658; -0.92857140302658 0.92857140302658; -0.92857140302658 0.92857140302658; -0.92857140302658 0.92857140302658; -0.92857140302658 0.92857140302658; -0.92857140302658 0.92857140302658; -0.92857140302658 0.92857140302658; -0.92857140302658 0.92857140302658; -0.92857140302658 0.92857140302658; -0.92857140302658 0.92857140302658; -0.92857140302658 0.92857140302658; -0.92857140302658 0.92857140302658; -0.92857140302658 0.92857140302658; -0.92857140302658 0.92857140302658;
new glimpse 23
 -0.92857140302658 0.92857140302658; -0.92857140302658 0.92857140302658; -0.92857140302658 0.92857140302658; -0.92857140302658 0.92857140302658; -0.92857140302658 0.92857140302658; -0.92857140302658 0.92857140302658; -0.92857140302658 0.92857140302658; -0.92857140302658 0.92857140302658; -0.92857140302658 0.92857140302658; -0.92857140302658 0.92857140302658; -0.92857140302658 0.92857140302658; -0.92857140302658 0.92857140302658; -0.92857140302658 0.92857140302658; -0.92857140302658 0.92857140302658; -0.92857140302658 0.92857140302658; -0.92857140302658 0.92857140302658; -0.92857140302658 0.92857140302658; -0.92857140302658 0.92857140302658; -0.92857140302658 0.92857140302658; -0.92857140302658 0.92857140302658;
new glimpse 24
 -0.92857140302658 0.92857140302658; -0.92857140302658 0.92857140302658; -0.92857140302658 0.92857140302658; -0.92857140302658 0.92857140302658; -0.92857140302658 0.92857140302658; -0.92857140302658 0.92857140302658; -0.92857140302658 0.92857140302658; -0.92857140302658 0.92857140302658; -0.92857140302658 0.92857140302658; -0.92857140302658 0.92857140302658; -0.92857140302658 0.92857140302658; -0.92857140302658 0.92857140302658; -0.92857140302658 0.92857140302658; -0.92857140302658 0.92857140302658; -0.92857140302658 0.92857140302658; -0.92857140302658 0.92857140302658; -0.92857140302658 0.92857140302658; -0.92857140302658 0.92857140302658; -0.92857140302658 0.92857140302658; -0.92857140302658 0.92857140302658;
new glimpse 5
 -0.031041733920574 0.67196357250214; -0.031041733920574 0.67196357250214; -0.031041733920574 0.67196357250214; -0.031041733920574 0.67196357250214; -0.031041733920574 0.67196357250214; -0.031041733920574 0.67196357250214; -0.031041733920574 0.67196357250214; -0.031041733920574 0.67196357250214; -0.031041733920574 0.67196357250214; -0.031041733920574 0.67196357250214; -0.031041733920574 0.67196357250214; -0.031041733920574 0.67196357250214; -0.031041733920574 0.67196357250214; -0.031041733920574 0.67196357250214; -0.031041733920574 0.67196357250214; -0.031041733920574 0.67196357250214; -0.031041733920574 0.67196357250214; -0.031041733920574 0.67196357250214; -0.031041733920574 0.67196357250214; -0.031041733920574 0.67196357250214;
new glimpse 25
 -0.92857140302658 0.92857140302658; -0.92857140302658 0.92857140302658; -0.92857140302658 0.92857140302658; -0.92857140302658 0.92857140302658; -0.92857140302658 0.92857140302658; -0.92857140302658 0.92857140302658; -0.92857140302658 0.92857140302658; -0.92857140302658 0.92857140302658; -0.92857140302658 0.92857140302658; -0.92857140302658 0.92857140302658; -0.92857140302658 0.92857140302658; -0.92857140302658 0.92857140302658; -0.92857140302658 0.92857140302658; -0.92857140302658 0.92857140302658; -0.92857140302658 0.92857140302658; -0.92857140302658 0.92857140302658; -0.92857140302658 0.92857140302658; -0.92857140302658 0.92857140302658; -0.92857140302658 0.92857140302658; -0.92857140302658 0.92857140302658;
new glimpse 26
 -0.92857140302658 0.92857140302658; -0.92857140302658 0.92857140302658; -0.92857140302658 0.92857140302658; -0.92857140302658 0.92857140302658; -0.92857140302658 0.92857140302658; -0.92857140302658 0.92857140302658; -0.92857140302658 0.92857140302658; -0.92857140302658 0.92857140302658; -0.92857140302658 0.92857140302658; -0.92857140302658 0.92857140302658; -0.92857140302658 0.92857140302658; -0.92857140302658 0.92857140302658; -0.92857140302658 0.92857140302658; -0.92857140302658 0.92857140302658; -0.92857140302658 0.92857140302658; -0.92857140302658 0.92857140302658; -0.92857140302658 0.92857140302658; -0.92857140302658 0.92857140302658; -0.92857140302658 0.92857140302658; -0.92857140302658 0.92857140302658;
new glimpse 27
 -0.92857140302658 0.92857140302658; -0.92857140302658 0.92857140302658; -0.92857140302658 0.92857140302658; -0.92857140302658 0.92857140302658; -0.92857140302658 0.92857140302658; -0.92857140302658 0.92857140302658; -0.92857140302658 0.92857140302658; -0.92857140302658 0.92857140302658; -0.92857140302658 0.92857140302658; -0.92857140302658 0.92857140302658; -0.92857140302658 0.92857140302658; -0.92857140302658 0.92857140302658; -0.92857140302658 0.92857140302658; -0.92857140302658 0.92857140302658; -0.92857140302658 0.92857140302658; -0.92857140302658 0.92857140302658; -0.92857140302658 0.92857140302658; -0.92857140302658 0.92857140302658; -0.92857140302658 0.92857140302658; -0.92857140302658 0.92857140302658;
new glimpse 28
 -0.92857140302658 0.92857140302658; -0.92857140302658 0.92857140302658; -0.92857140302658 0.92857140302658; -0.92857140302658 0.92857140302658; -0.92857140302658 0.92857140302658; -0.92857140302658 0.92857140302658; -0.92857140302658 0.92857140302658; -0.92857140302658 0.92857140302658; -0.92857140302658 0.92857140302658; -0.92857140302658 0.92857140302658; -0.92857140302658 0.92857140302658; -0.92857140302658 0.92857140302658; -0.92857140302658 0.92857140302658; -0.92857140302658 0.92857140302658; -0.92857140302658 0.92857140302658; -0.92857140302658 0.92857140302658; -0.92857140302658 0.92857140302658; -0.92857140302658 0.92857140302658; -0.92857140302658 0.92857140302658; -0.92857140302658 0.92857140302658;
new glimpse 29
 -0.92857140302658 0.92857140302658; -0.92857140302658 0.92857140302658; -0.92857140302658 0.92857140302658; -0.92857140302658 0.92857140302658; -0.92857140302658 0.92857140302658; -0.92857140302658 0.92857140302658; -0.92857140302658 0.92857140302658; -0.92857140302658 0.92857140302658; -0.92857140302658 0.92857140302658; -0.92857140302658 0.92857140302658; -0.92857140302658 0.92857140302658; -0.92857140302658 0.92857140302658; -0.92857140302658 0.92857140302658; -0.92857140302658 0.92857140302658; -0.92857140302658 0.92857140302658; -0.92857140302658 0.92857140302658; -0.92857140302658 0.92857140302658; -0.92857140302658 0.92857140302658; -0.92857140302658 0.92857140302658; -0.92857140302658 0.92857140302658;
new glimpse 30
 -0.92857140302658 0.92857140302658; -0.92857140302658 0.92857140302658; -0.92857140302658 0.92857140302658; -0.92857140302658 0.92857140302658; -0.92857140302658 0.92857140302658; -0.92857140302658 0.92857140302658; -0.92857140302658 0.92857140302658; -0.92857140302658 0.92857140302658; -0.92857140302658 0.92857140302658; -0.92857140302658 0.92857140302658; -0.92857140302658 0.92857140302658; -0.92857140302658 0.92857140302658; -0.92857140302658 0.92857140302658; -0.92857140302658 0.92857140302658; -0.92857140302658 0.92857140302658; -0.92857140302658 0.92857140302658; -0.92857140302658 0.92857140302658; -0.92857140302658 0.92857140302658; -0.92857140302658 0.92857140302658; -0.92857140302658 0.92857140302658;
new glimpse 6
 -0.031041733920574 0.67196357250214; -0.031041733920574 0.67196357250214; -0.031041733920574 0.67196357250214; -0.031041733920574 0.67196357250214; -0.031041733920574 0.67196357250214; -0.031041733920574 0.67196357250214; -0.031041733920574 0.67196357250214; -0.031041733920574 0.67196357250214; -0.031041733920574 0.67196357250214; -0.031041733920574 0.67196357250214; -0.031041733920574 0.67196357250214; -0.031041733920574 0.67196357250214; -0.031041733920574 0.67196357250214; -0.031041733920574 0.67196357250214; -0.031041733920574 0.67196357250214; -0.031041733920574 0.67196357250214; -0.031041733920574 0.67196357250214; -0.031041733920574 0.67196357250214; -0.031041733920574 0.67196357250214; -0.031041733920574 0.67196357250214;
new glimpse 31
 -0.92857140302658 0.92857140302658; -0.92857140302658 0.92857140302658; -0.92857140302658 0.92857140302658; -0.92857140302658 0.92857140302658; -0.92857140302658 0.92857140302658; -0.92857140302658 0.92857140302658; -0.92857140302658 0.92857140302658; -0.92857140302658 0.92857140302658; -0.92857140302658 0.92857140302658; -0.92857140302658 0.92857140302658; -0.92857140302658 0.92857140302658; -0.92857140302658 0.92857140302658; -0.92857140302658 0.92857140302658; -0.92857140302658 0.92857140302658; -0.92857140302658 0.92857140302658; -0.92857140302658 0.92857140302658; -0.92857140302658 0.92857140302658; -0.92857140302658 0.92857140302658; -0.92857140302658 0.92857140302658; -0.92857140302658 0.92857140302658;
new glimpse 32
 -0.92857140302658 0.92857140302658; -0.92857140302658 0.92857140302658; -0.92857140302658 0.92857140302658; -0.92857140302658 0.92857140302658; -0.92857140302658 0.92857140302658; -0.92857140302658 0.92857140302658; -0.92857140302658 0.92857140302658; -0.92857140302658 0.92857140302658; -0.92857140302658 0.92857140302658; -0.92857140302658 0.92857140302658; -0.92857140302658 0.92857140302658; -0.92857140302658 0.92857140302658; -0.92857140302658 0.92857140302658; -0.92857140302658 0.92857140302658; -0.92857140302658 0.92857140302658; -0.92857140302658 0.92857140302658; -0.92857140302658 0.92857140302658; -0.92857140302658 0.92857140302658; -0.92857140302658 0.92857140302658; -0.92857140302658 0.92857140302658;
new glimpse 33
 -0.92857140302658 0.92857140302658; -0.92857140302658 0.92857140302658; -0.92857140302658 0.92857140302658; -0.92857140302658 0.92857140302658; -0.92857140302658 0.92857140302658; -0.92857140302658 0.92857140302658; -0.92857140302658 0.92857140302658; -0.92857140302658 0.92857140302658; -0.92857140302658 0.92857140302658; -0.92857140302658 0.92857140302658; -0.92857140302658 0.92857140302658; -0.92857140302658 0.92857140302658; -0.92857140302658 0.92857140302658; -0.92857140302658 0.92857140302658; -0.92857140302658 0.92857140302658; -0.92857140302658 0.92857140302658; -0.92857140302658 0.92857140302658; -0.92857140302658 0.92857140302658; -0.92857140302658 0.92857140302658; -0.92857140302658 0.92857140302658;
new glimpse 34
 -0.92857140302658 0.92857140302658; -0.92857140302658 0.92857140302658; -0.92857140302658 0.92857140302658; -0.92857140302658 0.92857140302658; -0.92857140302658 0.92857140302658; -0.92857140302658 0.92857140302658; -0.92857140302658 0.92857140302658; -0.92857140302658 0.92857140302658; -0.92857140302658 0.92857140302658; -0.92857140302658 0.92857140302658; -0.92857140302658 0.92857140302658; -0.92857140302658 0.92857140302658; -0.92857140302658 0.92857140302658; -0.92857140302658 0.92857140302658; -0.92857140302658 0.92857140302658; -0.92857140302658 0.92857140302658; -0.92857140302658 0.92857140302658; -0.92857140302658 0.92857140302658; -0.92857140302658 0.92857140302658; -0.92857140302658 0.92857140302658;
new glimpse 35
 -0.92857140302658 0.92857140302658; -0.92857140302658 0.92857140302658; -0.92857140302658 0.92857140302658; -0.92857140302658 0.92857140302658; -0.92857140302658 0.92857140302658; -0.92857140302658 0.92857140302658; -0.92857140302658 0.92857140302658; -0.92857140302658 0.92857140302658; -0.92857140302658 0.92857140302658; -0.92857140302658 0.92857140302658; -0.92857140302658 0.92857140302658; -0.92857140302658 0.92857140302658; -0.92857140302658 0.92857140302658; -0.92857140302658 0.92857140302658; -0.92857140302658 0.92857140302658; -0.92857140302658 0.92857140302658; -0.92857140302658 0.92857140302658; -0.92857140302658 0.92857140302658; -0.92857140302658 0.92857140302658; -0.92857140302658 0.92857140302658;
new glimpse 36
 -0.92857140302658 0.92857140302658; -0.92857140302658 0.92857140302658; -0.92857140302658 0.92857140302658; -0.92857140302658 0.92857140302658; -0.92857140302658 0.92857140302658; -0.92857140302658 0.92857140302658; -0.92857140302658 0.92857140302658; -0.92857140302658 0.92857140302658; -0.92857140302658 0.92857140302658; -0.92857140302658 0.92857140302658; -0.92857140302658 0.92857140302658; -0.92857140302658 0.92857140302658; -0.92857140302658 0.92857140302658; -0.92857140302658 0.92857140302658; -0.92857140302658 0.92857140302658; -0.92857140302658 0.92857140302658; -0.92857140302658 0.92857140302658; -0.92857140302658 0.92857140302658; -0.92857140302658 0.92857140302658; -0.92857140302658 0.92857140302658;
new glimpse 7
 -0.031041733920574 0.67196357250214; -0.031041733920574 0.67196357250214; -0.031041733920574 0.67196357250214; -0.031041733920574 0.67196357250214; -0.031041733920574 0.67196357250214; -0.031041733920574 0.67196357250214; -0.031041733920574 0.67196357250214; -0.031041733920574 0.67196357250214; -0.031041733920574 0.67196357250214; -0.031041733920574 0.67196357250214; -0.031041733920574 0.67196357250214; -0.031041733920574 0.67196357250214; -0.031041733920574 0.67196357250214; -0.031041733920574 0.67196357250214; -0.031041733920574 0.67196357250214; -0.031041733920574 0.67196357250214; -0.031041733920574 0.67196357250214; -0.031041733920574 0.67196357250214; -0.031041733920574 0.67196357250214; -0.031041733920574 0.67196357250214;
new glimpse 37
 -0.92857140302658 0.92857140302658; -0.92857140302658 0.92857140302658; -0.92857140302658 0.92857140302658; -0.92857140302658 0.92857140302658; -0.92857140302658 0.92857140302658; -0.92857140302658 0.92857140302658; -0.92857140302658 0.92857140302658; -0.92857140302658 0.92857140302658; -0.92857140302658 0.92857140302658; -0.92857140302658 0.92857140302658; -0.92857140302658 0.92857140302658; -0.92857140302658 0.92857140302658; -0.92857140302658 0.92857140302658; -0.92857140302658 0.92857140302658; -0.92857140302658 0.92857140302658; -0.92857140302658 0.92857140302658; -0.92857140302658 0.92857140302658; -0.92857140302658 0.92857140302658; -0.92857140302658 0.92857140302658; -0.92857140302658 0.92857140302658;
new glimpse 38
 -0.92857140302658 0.92857140302658; -0.92857140302658 0.92857140302658; -0.92857140302658 0.92857140302658; -0.92857140302658 0.92857140302658; -0.92857140302658 0.92857140302658; -0.92857140302658 0.92857140302658; -0.92857140302658 0.92857140302658; -0.92857140302658 0.92857140302658; -0.92857140302658 0.92857140302658; -0.92857140302658 0.92857140302658; -0.92857140302658 0.92857140302658; -0.92857140302658 0.92857140302658; -0.92857140302658 0.92857140302658; -0.92857140302658 0.92857140302658; -0.92857140302658 0.92857140302658; -0.92857140302658 0.92857140302658; -0.92857140302658 0.92857140302658; -0.92857140302658 0.92857140302658; -0.92857140302658 0.92857140302658; -0.92857140302658 0.92857140302658;
new glimpse 39
 -0.92857140302658 0.92857140302658; -0.92857140302658 0.92857140302658; -0.92857140302658 0.92857140302658; -0.92857140302658 0.92857140302658; -0.92857140302658 0.92857140302658; -0.92857140302658 0.92857140302658; -0.92857140302658 0.92857140302658; -0.92857140302658 0.92857140302658; -0.92857140302658 0.92857140302658; -0.92857140302658 0.92857140302658; -0.92857140302658 0.92857140302658; -0.92857140302658 0.92857140302658; -0.92857140302658 0.92857140302658; -0.92857140302658 0.92857140302658; -0.92857140302658 0.92857140302658; -0.92857140302658 0.92857140302658; -0.92857140302658 0.92857140302658; -0.92857140302658 0.92857140302658; -0.92857140302658 0.92857140302658; -0.92857140302658 0.92857140302658;
new glimpse 40
 -0.92857140302658 0.92857140302658; -0.92857140302658 0.92857140302658; -0.92857140302658 0.92857140302658; -0.92857140302658 0.92857140302658; -0.92857140302658 0.92857140302658; -0.92857140302658 0.92857140302658; -0.92857140302658 0.92857140302658; -0.92857140302658 0.92857140302658; -0.92857140302658 0.92857140302658; -0.92857140302658 0.92857140302658; -0.92857140302658 0.92857140302658; -0.92857140302658 0.92857140302658; -0.92857140302658 0.92857140302658; -0.92857140302658 0.92857140302658; -0.92857140302658 0.92857140302658; -0.92857140302658 0.92857140302658; -0.92857140302658 0.92857140302658; -0.92857140302658 0.92857140302658; -0.92857140302658 0.92857140302658; -0.92857140302658 0.92857140302658;
new glimpse 41
 -0.92857140302658 0.92857140302658; -0.92857140302658 0.92857140302658; -0.92857140302658 0.92857140302658; -0.92857140302658 0.92857140302658; -0.92857140302658 0.92857140302658; -0.92857140302658 0.92857140302658; -0.92857140302658 0.92857140302658; -0.92857140302658 0.92857140302658; -0.92857140302658 0.92857140302658; -0.92857140302658 0.92857140302658; -0.92857140302658 0.92857140302658; -0.92857140302658 0.92857140302658; -0.92857140302658 0.92857140302658; -0.92857140302658 0.92857140302658; -0.92857140302658 0.92857140302658; -0.92857140302658 0.92857140302658; -0.92857140302658 0.92857140302658; -0.92857140302658 0.92857140302658; -0.92857140302658 0.92857140302658; -0.92857140302658 0.92857140302658;
new glimpse 42
 -0.92857140302658 0.92857140302658; -0.92857140302658 0.92857140302658; -0.92857140302658 0.92857140302658; -0.92857140302658 0.92857140302658; -0.92857140302658 0.92857140302658; -0.92857140302658 0.92857140302658; -0.92857140302658 0.92857140302658; -0.92857140302658 0.92857140302658; -0.92857140302658 0.92857140302658; -0.92857140302658 0.92857140302658; -0.92857140302658 0.92857140302658; -0.92857140302658 0.92857140302658; -0.92857140302658 0.92857140302658; -0.92857140302658 0.92857140302658; -0.92857140302658 0.92857140302658; -0.92857140302658 0.92857140302658; -0.92857140302658 0.92857140302658; -0.92857140302658 0.92857140302658; -0.92857140302658 0.92857140302658; -0.92857140302658 0.92857140302658;
new glimpse 8
 -0.031041733920574 0.67196357250214; -0.031041733920574 0.67196357250214; -0.031041733920574 0.67196357250214; -0.031041733920574 0.67196357250214; -0.031041733920574 0.67196357250214; -0.031041733920574 0.67196357250214; -0.031041733920574 0.67196357250214; -0.031041733920574 0.67196357250214; -0.031041733920574 0.67196357250214; -0.031041733920574 0.67196357250214; -0.031041733920574 0.67196357250214; -0.031041733920574 0.67196357250214; -0.031041733920574 0.67196357250214; -0.031041733920574 0.67196357250214; -0.031041733920574 0.67196357250214; -0.031041733920574 0.67196357250214; -0.031041733920574 0.67196357250214; -0.031041733920574 0.67196357250214; -0.031041733920574 0.67196357250214; -0.031041733920574 0.67196357250214;
new glimpse 43
 -0.92857140302658 0.92857140302658; -0.92857140302658 0.92857140302658; -0.92857140302658 0.92857140302658; -0.92857140302658 0.92857140302658; -0.92857140302658 0.92857140302658; -0.92857140302658 0.92857140302658; -0.92857140302658 0.92857140302658; -0.92857140302658 0.92857140302658; -0.92857140302658 0.92857140302658; -0.92857140302658 0.92857140302658; -0.92857140302658 0.92857140302658; -0.92857140302658 0.92857140302658; -0.92857140302658 0.92857140302658; -0.92857140302658 0.92857140302658; -0.92857140302658 0.92857140302658; -0.92857140302658 0.92857140302658; -0.92857140302658 0.92857140302658; -0.92857140302658 0.92857140302658; -0.92857140302658 0.92857140302658; -0.92857140302658 0.92857140302658;
new glimpse 44
 -0.92857140302658 0.92857140302658; -0.92857140302658 0.92857140302658; -0.92857140302658 0.92857140302658; -0.92857140302658 0.92857140302658; -0.92857140302658 0.92857140302658; -0.92857140302658 0.92857140302658; -0.92857140302658 0.92857140302658; -0.92857140302658 0.92857140302658; -0.92857140302658 0.92857140302658; -0.92857140302658 0.92857140302658; -0.92857140302658 0.92857140302658; -0.92857140302658 0.92857140302658; -0.92857140302658 0.92857140302658; -0.92857140302658 0.92857140302658; -0.92857140302658 0.92857140302658; -0.92857140302658 0.92857140302658; -0.92857140302658 0.92857140302658; -0.92857140302658 0.92857140302658; -0.92857140302658 0.92857140302658; -0.92857140302658 0.92857140302658;
new glimpse 45
 -0.92857140302658 0.92857140302658; -0.92857140302658 0.92857140302658; -0.92857140302658 0.92857140302658; -0.92857140302658 0.92857140302658; -0.92857140302658 0.92857140302658; -0.92857140302658 0.92857140302658; -0.92857140302658 0.92857140302658; -0.92857140302658 0.92857140302658; -0.92857140302658 0.92857140302658; -0.92857140302658 0.92857140302658; -0.92857140302658 0.92857140302658; -0.92857140302658 0.92857140302658; -0.92857140302658 0.92857140302658; -0.92857140302658 0.92857140302658; -0.92857140302658 0.92857140302658; -0.92857140302658 0.92857140302658; -0.92857140302658 0.92857140302658; -0.92857140302658 0.92857140302658; -0.92857140302658 0.92857140302658; -0.92857140302658 0.92857140302658;
new glimpse 46
 -0.92857140302658 0.92857140302658; -0.92857140302658 0.92857140302658; -0.92857140302658 0.92857140302658; -0.92857140302658 0.92857140302658; -0.92857140302658 0.92857140302658; -0.92857140302658 0.92857140302658; -0.92857140302658 0.92857140302658; -0.92857140302658 0.92857140302658; -0.92857140302658 0.92857140302658; -0.92857140302658 0.92857140302658; -0.92857140302658 0.92857140302658; -0.92857140302658 0.92857140302658; -0.92857140302658 0.92857140302658; -0.92857140302658 0.92857140302658; -0.92857140302658 0.92857140302658; -0.92857140302658 0.92857140302658; -0.92857140302658 0.92857140302658; -0.92857140302658 0.92857140302658; -0.92857140302658 0.92857140302658; -0.92857140302658 0.92857140302658;
new glimpse 47
 -0.92857140302658 0.92857140302658; -0.92857140302658 0.92857140302658; -0.92857140302658 0.92857140302658; -0.92857140302658 0.92857140302658; -0.92857140302658 0.92857140302658; -0.92857140302658 0.92857140302658; -0.92857140302658 0.92857140302658; -0.92857140302658 0.92857140302658; -0.92857140302658 0.92857140302658; -0.92857140302658 0.92857140302658; -0.92857140302658 0.92857140302658; -0.92857140302658 0.92857140302658; -0.92857140302658 0.92857140302658; -0.92857140302658 0.92857140302658; -0.92857140302658 0.92857140302658; -0.92857140302658 0.92857140302658; -0.92857140302658 0.92857140302658; -0.92857140302658 0.92857140302658; -0.92857140302658 0.92857140302658; -0.92857140302658 0.92857140302658;
new glimpse 48
 -0.92857140302658 0.92857140302658; -0.92857140302658 0.92857140302658; -0.92857140302658 0.92857140302658; -0.92857140302658 0.92857140302658; -0.92857140302658 0.92857140302658; -0.92857140302658 0.92857140302658; -0.92857140302658 0.92857140302658; -0.92857140302658 0.92857140302658; -0.92857140302658 0.92857140302658; -0.92857140302658 0.92857140302658; -0.92857140302658 0.92857140302658; -0.92857140302658 0.92857140302658; -0.92857140302658 0.92857140302658; -0.92857140302658 0.92857140302658; -0.92857140302658 0.92857140302658; -0.92857140302658 0.92857140302658; -0.92857140302658 0.92857140302658; -0.92857140302658 0.92857140302658; -0.92857140302658 0.92857140302658; -0.92857140302658 0.92857140302658;
new glimpse 9
 -0.031041733920574 0.67196357250214; -0.031041733920574 0.67196357250214; -0.031041733920574 0.67196357250214; -0.031041733920574 0.67196357250214; -0.031041733920574 0.67196357250214; -0.031041733920574 0.67196357250214; -0.031041733920574 0.67196357250214; -0.031041733920574 0.67196357250214; -0.031041733920574 0.67196357250214; -0.031041733920574 0.67196357250214; -0.031041733920574 0.67196357250214; -0.031041733920574 0.67196357250214; -0.031041733920574 0.67196357250214; -0.031041733920574 0.67196357250214; -0.031041733920574 0.67196357250214; -0.031041733920574 0.67196357250214; -0.031041733920574 0.67196357250214; -0.031041733920574 0.67196357250214; -0.031041733920574 0.67196357250214; -0.031041733920574 0.67196357250214;
new glimpse 49
 -0.92857140302658 0.92857140302658; -0.92857140302658 0.92857140302658; -0.92857140302658 0.92857140302658; -0.92857140302658 0.92857140302658; -0.92857140302658 0.92857140302658; -0.92857140302658 0.92857140302658; -0.92857140302658 0.92857140302658; -0.92857140302658 0.92857140302658; -0.92857140302658 0.92857140302658; -0.92857140302658 0.92857140302658; -0.92857140302658 0.92857140302658; -0.92857140302658 0.92857140302658; -0.92857140302658 0.92857140302658; -0.92857140302658 0.92857140302658; -0.92857140302658 0.92857140302658; -0.92857140302658 0.92857140302658; -0.92857140302658 0.92857140302658; -0.92857140302658 0.92857140302658; -0.92857140302658 0.92857140302658; -0.92857140302658 0.92857140302658;
new glimpse 50
 -0.92857140302658 0.92857140302658; -0.92857140302658 0.92857140302658; -0.92857140302658 0.92857140302658; -0.92857140302658 0.92857140302658; -0.92857140302658 0.92857140302658; -0.92857140302658 0.92857140302658; -0.92857140302658 0.92857140302658; -0.92857140302658 0.92857140302658; -0.92857140302658 0.92857140302658; -0.92857140302658 0.92857140302658; -0.92857140302658 0.92857140302658; -0.92857140302658 0.92857140302658; -0.92857140302658 0.92857140302658; -0.92857140302658 0.92857140302658; -0.92857140302658 0.92857140302658; -0.92857140302658 0.92857140302658; -0.92857140302658 0.92857140302658; -0.92857140302658 0.92857140302658; -0.92857140302658 0.92857140302658; -0.92857140302658 0.92857140302658;
new glimpse 51
 -0.92857140302658 0.92857140302658; -0.92857140302658 0.92857140302658; -0.92857140302658 0.92857140302658; -0.92857140302658 0.92857140302658; -0.92857140302658 0.92857140302658; -0.92857140302658 0.92857140302658; -0.92857140302658 0.92857140302658; -0.92857140302658 0.92857140302658; -0.92857140302658 0.92857140302658; -0.92857140302658 0.92857140302658; -0.92857140302658 0.92857140302658; -0.92857140302658 0.92857140302658; -0.92857140302658 0.92857140302658; -0.92857140302658 0.92857140302658; -0.92857140302658 0.92857140302658; -0.92857140302658 0.92857140302658; -0.92857140302658 0.92857140302658; -0.92857140302658 0.92857140302658; -0.92857140302658 0.92857140302658; -0.92857140302658 0.92857140302658;
new glimpse 52
 -0.92857140302658 0.92857140302658; -0.92857140302658 0.92857140302658; -0.92857140302658 0.92857140302658; -0.92857140302658 0.92857140302658; -0.92857140302658 0.92857140302658; -0.92857140302658 0.92857140302658; -0.92857140302658 0.92857140302658; -0.92857140302658 0.92857140302658; -0.92857140302658 0.92857140302658; -0.92857140302658 0.92857140302658; -0.92857140302658 0.92857140302658; -0.92857140302658 0.92857140302658; -0.92857140302658 0.92857140302658; -0.92857140302658 0.92857140302658; -0.92857140302658 0.92857140302658; -0.92857140302658 0.92857140302658; -0.92857140302658 0.92857140302658; -0.92857140302658 0.92857140302658; -0.92857140302658 0.92857140302658; -0.92857140302658 0.92857140302658;
new glimpse 53
 -0.92857140302658 0.92857140302658; -0.92857140302658 0.92857140302658; -0.92857140302658 0.92857140302658; -0.92857140302658 0.92857140302658; -0.92857140302658 0.92857140302658; -0.92857140302658 0.92857140302658; -0.92857140302658 0.92857140302658; -0.92857140302658 0.92857140302658; -0.92857140302658 0.92857140302658; -0.92857140302658 0.92857140302658; -0.92857140302658 0.92857140302658; -0.92857140302658 0.92857140302658; -0.92857140302658 0.92857140302658; -0.92857140302658 0.92857140302658; -0.92857140302658 0.92857140302658; -0.92857140302658 0.92857140302658; -0.92857140302658 0.92857140302658; -0.92857140302658 0.92857140302658; -0.92857140302658 0.92857140302658; -0.92857140302658 0.92857140302658;
new glimpse 54
 -0.92857140302658 0.92857140302658; -0.92857140302658 0.92857140302658; -0.92857140302658 0.92857140302658; -0.92857140302658 0.92857140302658; -0.92857140302658 0.92857140302658; -0.92857140302658 0.92857140302658; -0.92857140302658 0.92857140302658; -0.92857140302658 0.92857140302658; -0.92857140302658 0.92857140302658; -0.92857140302658 0.92857140302658; -0.92857140302658 0.92857140302658; -0.92857140302658 0.92857140302658; -0.92857140302658 0.92857140302658; -0.92857140302658 0.92857140302658; -0.92857140302658 0.92857140302658; -0.92857140302658 0.92857140302658; -0.92857140302658 0.92857140302658; -0.92857140302658 0.92857140302658; -0.92857140302658 0.92857140302658; -0.92857140302658 0.92857140302658;
new glimpse 10
 -0.031041733920574 0.67196357250214; -0.031041733920574 0.67196357250214; -0.031041733920574 0.67196357250214; -0.031041733920574 0.67196357250214; -0.031041733920574 0.67196357250214; -0.031041733920574 0.67196357250214; -0.031041733920574 0.67196357250214; -0.031041733920574 0.67196357250214; -0.031041733920574 0.67196357250214; -0.031041733920574 0.67196357250214; -0.031041733920574 0.67196357250214; -0.031041733920574 0.67196357250214; -0.031041733920574 0.67196357250214; -0.031041733920574 0.67196357250214; -0.031041733920574 0.67196357250214; -0.031041733920574 0.67196357250214; -0.031041733920574 0.67196357250214; -0.031041733920574 0.67196357250214; -0.031041733920574 0.67196357250214; -0.031041733920574 0.67196357250214;
new glimpse 55
 -0.92857140302658 0.92857140302658; -0.92857140302658 0.92857140302658; -0.92857140302658 0.92857140302658; -0.92857140302658 0.92857140302658; -0.92857140302658 0.92857140302658; -0.92857140302658 0.92857140302658; -0.92857140302658 0.92857140302658; -0.92857140302658 0.92857140302658; -0.92857140302658 0.92857140302658; -0.92857140302658 0.92857140302658; -0.92857140302658 0.92857140302658; -0.92857140302658 0.92857140302658; -0.92857140302658 0.92857140302658; -0.92857140302658 0.92857140302658; -0.92857140302658 0.92857140302658; -0.92857140302658 0.92857140302658; -0.92857140302658 0.92857140302658; -0.92857140302658 0.92857140302658; -0.92857140302658 0.92857140302658; -0.92857140302658 0.92857140302658;